3,3180
4,3273
2,3461
4,3555
1,3648
6,3742
2,3836
4,3930
3,4023
6,4211
2,4305
5,4492
2,4680
6,5242
5,5430
4,5617
2,5805
3,5992
5,7117
5,7305
4,7492
5,7680
6,7867
5,8242
1,8617
2,8805
3,8992
4,9180
5,9367
4,9742
3,10117
1,10305
2,10680
6,11242
5,11430
4,11617
2,11805
3,11992
2,13117
3,13305
4,13492
5,13680
6,13867
5,14242
1,14617
2,14805
3,14992
4,15180
5,15367
6,15742
5,16117
3,16680
6,17242
5,17430
4,17617
2,17805
3,17992
5,19117
5,19305
4,19492
5,19680
6,19867
5,20242
1,20617
2,20805
3,20992
4,21180
5,21367
4,21742
3,22117
1,22305
1,22680
6,23242
5,23430
4,23617
2,23805
3,23992
2,25117
3,25305
4,25492
5,25680
6,25867
5,26242
1,26617
2,26805
3,26992
4,27180
5,27367
6,27742
5,28117
3,28680
4,29055
3,29430
4,29805
2,30180
5,30367
2,30555
5,30742
2,30930
3,30930
5,31117
4,31117
3,31305
2,31305
4,31492
5,31492
3,31680
4,32055
5,32430
4,32711
3,32992
4,33180
5,33180
2,33555
3,33555
1,33930
6,34305
2,34680
3,34680
5,35055
4,35148
2,35242
3,35336
5,35430
4,35523
2,35617
3,35711
5,35805
4,35898
2,35992
3,36086
4,36180
3,36367
4,36555
3,36742
4,36930
5,36930
2,37117
3,37117
4,37305
5,37305
2,37492
3,37492
4,37680
3,38055
4,38430
6,39180
6,39367
4,39555
4,39742
2,39930
2,40117
4,40305
4,40492
4,41055
6,41055
5,41055
2,41617
3,41617
1,41617
2,42180
3,42180
6,42180
4,42742
5,42742
1,42742
4,43305
3,43398
5,43492
2,43586
6,44055
2,44055
3,44055
1,44617
4,44617
5,44617
6,45180
4,45180
5,45180
1,45742
2,45742
3,45742
1,45930
2,45930
3,45930
4,45930
5,45930
6,45930
3,46680
2,46867
1,47055
2,47242
4,47430
5,47617
6,47805
5,47992
3,48180
2,48367
1,48555
2,48742
3,48930
4,49680
5,49680
2,49867
3,49867
4,50055
5,50055
2,50242
3,50242
6,50430
5,50430
1,50617
2,50617
6,50805
5,50805
1,50992
2,50992
4,51180
3,51555
4,51930
3,52305
3,52680
2,52680
6,53055
4,53430
5,53430
3,53523
2,53617
1,53711
2,53805
3,53898
4,53992
5,54086
6,54180
5,54273
4,54367
3,54461
2,54555
1,54648
2,54742
3,54836
4,54930
5,55023
6,55117
5,55211
4,55305
3,55398
2,55492
1,55586
4,55680
5,55680
2,55867
3,55867
4,56055
5,56055
2,56242
3,56242
5,56430
4,56430
2,56617
3,56617
5,56805
5,56992
3,57180
2,57180
3,57555
2,57555
3,57930
2,57930
3,58305
2,58305
3,58680
2,58680
3,59055
2,59055
3,59430
2,59430
3,59805
2,59805
2,59992
3,59992
2,60180
3,60180
2,60555
3,60555
4,60742
2,60930
3,60930
1,60930
2,61305
3,61305
1,61305
3,61680
2,61680
2,61961
3,61961
2,62242
3,62242
2,62430
3,62430
4,62711
5,62711
1,63180
2,63180
3,63180
1,63555
2,63555
3,63555
1,63930
2,63930
3,63930
1,64305
2,64305
3,64305
1,64680
3,64680
2,64680
1,65055
2,65055
3,65055
1,65430
2,65430
3,65430
1,65805
2,65805
3,65805
5,65992
1,66180
2,66180
3,66180
1,66555
2,66555
3,66555
1,66930
2,66930
3,66930
1,67305
2,67305
3,67305
1,67492
3,67492
2,67492
4,67680
5,67680
4,68055
5,68055
4,68430
5,68430
4,68805
3,68992
4,69180
5,69180
6,69180
1,69555
1,69742
4,69930
5,69930
4,70398
5,70398
2,70586
3,70586
6,70680
6,70820
4,71055
5,71055
4,71430
5,71430
5,71805
4,71898
3,71992
2,72086
5,72180
2,72461
6,72555
2,72742
3,72836
6,72930
6,73117
2,73398
6,73492
1,73680
2,73961
6,74055
6,74195
3,74430
4,74617
5,74805
4,74992
2,75180
3,75180
2,75555
3,75555
5,75742
2,75930
3,75930
2,76305
3,76305
5,76305
2,76680
3,76680
5,76867
2,77055
3,77055
2,77430
3,77430
4,77617
5,77617
2,77805
3,77805
2,78180
3,78367
4,78555
5,78742
1,78930
2,79023
3,79117
4,79211
3,79305
4,79398
5,79492
6,79586
4,79680
3,79867
4,80055
3,80242
5,80430
2,80617
4,80805
5,80805
2,81930
4,82305
5,82867
5,83055
4,83242
3,83430
2,83617
1,83805
2,83992
1,84180
3,84367
5,84555
6,84742
5,85117
4,85492
3,85867
3,86055
2,86242
1,86430
2,86617
2,86805
1,86992
2,87930
4,88305
5,88867
5,89055
4,89242
5,89430
4,89617
3,89805
5,89992
4,90180
3,90367
3,90555
6,90742
5,91117
4,91492
2,91867
2,92055
3,92242
4,92617
5,92805
4,92992
2,93180
3,93180
4,93273
5,93273
2,93461
3,93461
4,93555
5,93555
2,93742
3,93742
6,93930
2,94305
3,94398
4,94492
5,94586
2,94680
3,94773
4,94867
5,94961
2,95055
3,95148
4,95242
5,95336
2,95430
3,95523
4,95617
5,95711
4,96180
5,96180
2,96273
3,96273
4,96461
5,96461
2,96555
3,96555
4,96742
5,96742
1,96930
2,97305
3,97398
4,97492
5,97586
2,97680
3,97773
4,97867
5,97961
2,98055
3,98148
4,98242
5,98336
2,98430
3,98523
4,98617
5,98711
2,98805
3,98898
4,98992
5,99086
2,99180
3,99180
4,99273
5,99273
2,99461
3,99461
4,99555
5,99555
2,99742
3,99742
6,99930
2,100305
3,100398
4,100492
5,100586
2,100680
3,101055
4,101430
5,101805
4,102180
5,102180
2,102273
3,102273
4,102461
5,102461
2,102555
3,102555
4,102742
5,102742
5,103305
4,103398
3,103492
2,103586
5,103680
5,103867
4,104148
4,104336
2,104523
2,104711
4,104805
4,104992
4,105555
6,105555
5,105555
2,106117
3,106117
1,106117
2,106680
3,106680
6,106680
4,107242
5,107242
1,107242
4,107805
3,107898
5,107992
2,108086
6,108555
2,108555
3,108555
1,109117
4,109117
5,109117
4,109680
3,109867
5,110055
2,110242
4,110430
5,110430
4,111180
3,111367
2,111555
3,111742
4,111930
5,112117
6,112305
5,112492
3,112680
2,112867
1,113055
2,113242
4,113430
5,113617
4,113711
2,113805
5,114180
4,114180
2,114367
3,114367
5,114555
4,114555
2,114742
3,114742
6,114930
5,114930
1,115117
2,115117
6,115305
5,115305
1,115492
2,115492
4,115680
3,116055
4,116430
3,116805
2,117180
3,117367
4,117555
5,117742
2,117930
3,118117
4,118305
5,118492
3,118680
4,118773
3,118867
5,119055
4,119148
3,119242
2,119336
5,119430
4,119805
2,120180
3,120180
4,120555
4,120930
5,120930
5,121305
4,121398
3,121492
2,121586
4,121680
3,121773
2,121867
1,121961
5,122055
4,122148
3,122242
2,122336
6,122430
5,122523
4,122617
3,122711
5,122805
4,122898
3,122992
4,123086
2,123180
3,123273
4,123367
5,123461
3,123555
4,123648
5,123742
6,123836
2,123930
3,123930
1,124305
2,124398
3,124492
4,124586
5,124680
6,124773
1,124867
2,124961
3,125055
4,125148
5,125242
6,125336
2,125430
3,125430
2,126180
3,126180
5,126555
6,126742
2,126930
3,126930
4,127117
5,127305
4,127398
2,127492
3,127586
5,127680
4,127773
2,127867
3,127961
5,128055
4,128148
2,128242
3,128336
2,128430
3,128523
4,128617
5,128711
2,128805
3,128898
4,128992
3,129086
5,129180
4,129273
3,129367
2,129461
5,129555
4,129648
3,129742
2,129836
5,130117
2,130305
3,130305
2,130680
3,130680
3,131055
4,131148
3,131242
4,131336
5,131430
6,131430
1,131430
2,131430
2,132180
3,132180
4,132555
5,132930
5,133023
5,133117
6,133305
4,133680
3,134055
4,134242
3,134336
6,134617
5,134664
4,134711
4,135180
5,135180
3,135555
2,135930
2,136023
2,136117
1,136305
4,136680
3,137055
4,137430
5,137430
2,137805
3,137805
4,138180
5,138180
2,138555
3,138555
4,138930
5,138930
2,139305
3,139305
2,139398
3,139398
4,139680
5,139680
4,140055
5,140055
4,140242
5,140242
4,140430
5,140430
3,140617
4,140805
4,141180
5,141180
2,141367
3,141367
4,141555
5,141555
2,141742
3,141742
4,141930
5,141930
2,142117
3,142117
4,142305
5,142305
2,142492
3,142492
4,142867
3,143055
4,143242
3,143430
4,143617
5,143617
2,143805
3,143805
1,144180
2,144180
3,144180
4,144180
5,144180
6,144180